185
169
185
185
185
185
185
185
200
200
192
200
192
192
208
215
208
215
215
200
208
208
208
208
200
192
192
208
208
192
215
223
223
223
223
231
231
223
231
231
231
223
231
215
223
231
223
223
223
223
223
223
215
215
215
223
223
215
215
208
208
223
215
208
223
215
208
223
223
215
208
223
223
215
223
215
208
215
223
223
215
223
223
223
223
215
231
223
231
223
231
231
223
223
238
246
231
231
238
231
231
231
223
215
215
215
223
231
223
223
231
246
238
246
262
246
246
254
246
238
238
231
223
223
223
215
215
215
223
231
231
254
262
277
277
269
277
262
262
262
269
277
285
262
254
254
262
246
262
277
262
262
277
277
277
277
277
285
292
292
292
300
285
285
292
308
323
315
300
285
300
308
300
300
285
277
285
292
285
300
285
292
308
315
315
308
308
308
323
308
300
300
300
292
308
308
277
277
285
277
277
277
262
269
262
254
262
269
254
262
246
231
238
231
223
231
238
223
223
231
223
208
208
200
200
192
185
192
192
192
200
192
192
185
185
177
185
200
192
208
223
208
223
231
223
223
231
223
223
238
238
231
246
262
246
254
246
246
254
269
277
292
308
323
338
354
392
392
400
431
462
469
492
515
531
554
585
577
577
569
554
554
569
554
531
531
508
462
438
438
415
392
385
377
369
369
362
354
354
346
331
354
354
331
331
338
331
315
315
315
323
331
308
300
300
292
285
277
277
262
254
238
246
238
238
246
238
231
238
238
231
223
223
223
215
215
215
223
215
215
223
223
223
223
223
223
215
231
215
215
215
223
215
215
208
215
223
208
208
208
192
200
200
192
200
208
208
208
223
223
208
223
223
223
223
223
223
223
215
215
215
215
215
215
215
208
208
208
208
208
208
208
215
208
208
215
215
200
208
215
208
185
192
177
162
177
177
177
169
169.
177
169
169
169
162
162
146
162
162
154
154
169
162
146
169
177
162
154
162
162
169
162
154
162
177
169
162
162
162
154
154
169
169
154
154
162
154
138
146
146
138
138
138
131
123
123
115
115
131
123
123
131
123
100
100
92
92
100
92
92
85
85
85
92
100
100
100
100
108
92
115
131
123
123
115
123
115
123
123
123
123
138
123
138
146
146
138
146
154
146
154
154
154
162
162
162
177
177
185
185
192
185
185
177
185
185
200
200
208
208
208
215
223
215
223
223
215
215
223
223
223
231
238
231
223
238
238
246
246
238
238
231
238
238
231
238
231
231
238
223
231
231
223
223
231
223
223
231
231
215
215
223
231
223
231
231
223
223
223
223
208
208
208
215
215
208
208
223
215
208
208
223
231
238
238
238
246
231
223
215
223
208
208
215
215
215
223
223
215
223
223
208
223
238
231
223
215
223
223
215
215
215
215
208
208
215
200
200
200
192
200
200
192
192
200
200
200
208
208
200
200
200
192
200
200
208
215
231
238
269
285
285
308
323
338
331
338
338
346
354
346
331
315
292
269
238
223
208
185
146
92
54
8
-23
-62
-115
-177
-231
-300
-362
-423
-477
-515
-515
-492
-469
-477
-462
-438
-431
-415
-369
-346
-331
-308
-269
-238
-200
-154
-108
-69
-31
23
69
92
108
108
115
138
154
162
162
169
177
177
192
200
208
208
215
223
215
215
215
215
215
223
223
223
231
231
238
238
246
246
238
231
246
238
235
234
233
230
228
223
223
208
223
223
223
223
223
223
223
215
215
215
215
215
215
215
208
208
208
208
208
208
208
215
208
208
215
215
200
208
215
208
200
200
196
195
194
193
192
